0.119292 -0.087460 -0.492000 0.580392 0.192157 0.141176
0.117428 -0.087823 -0.491000 0.537255 0.196078 0.180392
0.117728 -0.087644 -0.490000 0.627451 0.192157 0.156863
0.120964 -0.087644 -0.490000 0.639216 0.196078 0.137255
0.117728 -0.088183 -0.490000 0.678431 0.200000 0.152941
0.118268 -0.088183 -0.490000 0.666667 0.188235 0.141176
0.119346 -0.088183 -0.490000 0.670588 0.200000 0.121569
0.119886 -0.088183 -0.490000 0.678431 0.192157 0.129412
0.116412 -0.088542 -0.489000 0.662745 0.184314 0.137255
0.116950 -0.088542 -0.489000 0.670588 0.192157 0.145098
0.117488 -0.088542 -0.489000 0.686275 0.188235 0.129412
0.118026 -0.088542 -0.489000 0.686275 0.188235 0.129412
0.118564 -0.088542 -0.489000 0.694118 0.200000 0.129412
0.119103 -0.088542 -0.489000 0.674510 0.180392 0.109804
0.119641 -0.088542 -0.489000 0.674510 0.180392 0.109804
0.120717 -0.088542 -0.489000 0.698039 0.200000 0.141176
0.116110 -0.089262 -0.490000 0.643137 0.196078 0.164706
0.116412 -0.089080 -0.489000 0.658824 0.172549 0.117647
0.116950 -0.089080 -0.489000 0.670588 0.184314 0.129412
0.117488 -0.089080 -0.489000 0.682353 0.176471 0.121569
0.118026 -0.089080 -0.489000 0.690196 0.184314 0.129412
0.118564 -0.089080 -0.489000 0.701961 0.200000 0.133333
0.119103 -0.089080 -0.489000 0.682353 0.180392 0.113725
0.119641 -0.089080 -0.489000 0.686275 0.184314 0.117647
0.120179 -0.089080 -0.489000 0.701961 0.200000 0.133333
0.120717 -0.089080 -0.489000 0.701961 0.200000 0.133333
0.121255 -0.089080 -0.489000 0.698039 0.196078 0.129412
0.116412 -0.089618 -0.489000 0.694118 0.196078 0.145098
0.116950 -0.089618 -0.489000 0.686275 0.188235 0.137255
0.117488 -0.089618 -0.489000 0.682353 0.176471 0.121569
0.118026 -0.089618 -0.489000 0.686275 0.180392 0.125490
0.118564 -0.089618 -0.489000 0.698039 0.184314 0.129412
0.118616 -0.089252 -0.487000 0.694118 0.180392 0.125490
0.119152 -0.089252 -0.487000 0.694118 0.180392 0.125490
0.119688 -0.089252 -0.487000 0.694118 0.180392 0.125490
0.120223 -0.089252 -0.487000 0.698039 0.184314 0.129412
0.120759 -0.089252 -0.487000 0.705882 0.192157 0.137255
0.121295 -0.089252 -0.487000 0.705882 0.200000 0.145098
0.121831 -0.089252 -0.487000 0.701961 0.196078 0.141176
0.122619 -0.089435 -0.488000 0.701961 0.196078 0.141176
0.123156 -0.089435 -0.488000 0.705882 0.200000 0.145098
0.114259 -0.090156 -0.489000 0.560784 0.188235 0.192157
0.115874 -0.090156 -0.489000 0.678431 0.200000 0.152941
0.116174 -0.089972 -0.488000 0.686275 0.188235 0.129412
0.116711 -0.089972 -0.488000 0.694118 0.196078 0.137255
0.117248 -0.089972 -0.488000 0.690196 0.184314 0.129412
0.117544 -0.089788 -0.487000 0.682353 0.176471 0.121569
0.118080 -0.089788 -0.487000 0.682353 0.176471 0.121569
0.118616 -0.089788 -0.487000 0.686275 0.180392 0.125490
0.119152 -0.089788 -0.487000 0.690196 0.184314 0.129412
0.119688 -0.089788 -0.487000 0.690196 0.184314 0.129412
0.120223 -0.089788 -0.487000 0.698039 0.192157 0.137255
0.120759 -0.089788 -0.487000 0.698039 0.192157 0.137255
0.121295 -0.089788 -0.487000 0.705882 0.200000 0.145098
0.121831 -0.089788 -0.487000 0.705882 0.200000 0.145098
0.122619 -0.089972 -0.488000 0.698039 0.192157 0.137255
0.123156 -0.089972 -0.488000 0.698039 0.192157 0.137255
0.123693 -0.089972 -0.488000 0.698039 0.200000 0.141176
0.124230 -0.089972 -0.488000 0.686275 0.188235 0.129412
0.114259 -0.090695 -0.489000 0.603922 0.196078 0.196078
0.115874 -0.090695 -0.489000 0.686275 0.200000 0.145098
0.116174 -0.090509 -0.488000 0.686275 0.200000 0.137255
0.116711 -0.090509 -0.488000 0.686275 0.200000 0.137255
0.117248 -0.090509 -0.488000 0.682353 0.184314 0.125490
0.117544 -0.090324 -0.487000 0.686275 0.188235 0.129412
0.118080 -0.090324 -0.487000 0.698039 0.192157 0.137255
0.118616 -0.090324 -0.487000 0.701961 0.196078 0.141176
0.119152 -0.090324 -0.487000 0.698039 0.192157 0.137255
0.119688 -0.090324 -0.487000 0.690196 0.184314 0.129412
0.120223 -0.090324 -0.487000 0.690196 0.184314 0.129412
0.120759 -0.090324 -0.487000 0.690196 0.184314 0.129412
0.121295 -0.090324 -0.487000 0.698039 0.192157 0.137255
0.121831 -0.090324 -0.487000 0.705882 0.200000 0.145098
0.122619 -0.090509 -0.488000 0.705882 0.200000 0.145098
0.114025 -0.091046 -0.488000 0.603922 0.188235 0.180392
0.115400 -0.090860 -0.487000 0.686275 0.200000 0.145098
0.116232 -0.090673 -0.486000 0.686275 0.188235 0.129412
0.116767 -0.090673 -0.486000 0.686275 0.188235 0.129412
0.117302 -0.090673 -0.486000 0.698039 0.200000 0.141176
0.117837 -0.090673 -0.486000 0.698039 0.192157 0.137255
0.118372 -0.090673 -0.486000 0.698039 0.192157 0.137255
0.118907 -0.090673 -0.486000 0.698039 0.196078 0.129412
0.119442 -0.090673 -0.486000 0.698039 0.196078 0.129412
0.119977 -0.090673 -0.486000 0.690196 0.188235 0.121569
0.120512 -0.090673 -0.486000 0.698039 0.196078 0.129412
0.121046 -0.090673 -0.486000 0.698039 0.196078 0.129412
0.114025 -0.091583 -0.488000 0.584314 0.180392 0.160784
0.115400 -0.091396 -0.487000 0.674510 0.188235 0.133333
0.115936 -0.091396 -0.487000 0.678431 0.180392 0.121569
0.116232 -0.091208 -0.486000 0.682353 0.184314 0.125490
0.116767 -0.091208 -0.486000 0.686275 0.188235 0.129412
0.117302 -0.091208 -0.486000 0.682353 0.184314 0.125490
0.117837 -0.091208 -0.486000 0.678431 0.176471 0.109804
0.118372 -0.091208 -0.486000 0.686275 0.184314 0.117647
0.118907 -0.091208 -0.486000 0.690196 0.188235 0.121569
0.119442 -0.091208 -0.486000 0.698039 0.196078 0.129412
0.119977 -0.091208 -0.486000 0.690196 0.188235 0.121569
0.120512 -0.091208 -0.486000 0.701961 0.200000 0.133333
0.121046 -0.091208 -0.486000 0.690196 0.188235 0.121569
0.122116 -0.091208 -0.486000 0.701961 0.200000 0.133333
0.124511 -0.091396 -0.487000 0.698039 0.200000 0.141176
0.113792 -0.091932 -0.487000 0.576471 0.192157 0.172549
0.115698 -0.091743 -0.486000 0.686275 0.200000 0.137255
0.115993 -0.091554 -0.485000 0.686275 0.200000 0.137255
0.116527 -0.091554 -0.485000 0.686275 0.192157 0.121569
0.117061 -0.091554 -0.485000 0.678431 0.184314 0.113725
0.117595 -0.091554 -0.485000 0.674510 0.172549 0.105882
0.118128 -0.091554 -0.485000 0.682353 0.180392 0.113725
0.118662 -0.091554 -0.485000 0.698039 0.196078 0.129412
0.119196 -0.091554 -0.485000 0.690196 0.188235 0.121569
0.119730 -0.091554 -0.485000 0.698039 0.196078 0.129412
0.120797 -0.091554 -0.485000 0.690196 0.188235 0.121569
0.121865 -0.091554 -0.485000 0.701961 0.200000 0.133333
0.124256 -0.091743 -0.486000 0.698039 0.200000 0.141176
0.113792 -0.092468 -0.487000 0.572549 0.200000 0.188235
0.115698 -0.092278 -0.486000 0.678431 0.192157 0.129412
0.115993 -0.092088 -0.485000 0.678431 0.192157 0.129412
0.116527 -0.092088 -0.485000 0.698039 0.196078 0.129412
0.117061 -0.092088 -0.485000 0.690196 0.188235 0.121569
0.117595 -0.092088 -0.485000 0.678431 0.176471 0.109804
0.118128 -0.092088 -0.485000 0.690196 0.188235 0.121569
0.118662 -0.092088 -0.485000 0.698039 0.196078 0.129412
0.119196 -0.092088 -0.485000 0.690196 0.188235 0.121569
0.119730 -0.092088 -0.485000 0.698039 0.196078 0.129412
0.115459 -0.092622 -0.485000 0.666667 0.180392 0.125490
0.115754 -0.092431 -0.484000 0.670588 0.184314 0.129412
0.116287 -0.092431 -0.484000 0.690196 0.188235 0.121569
0.116819 -0.092431 -0.484000 0.690196 0.188235 0.121569
0.117352 -0.092431 -0.484000 0.686275 0.184314 0.117647
0.117885 -0.092431 -0.484000 0.690196 0.188235 0.121569
0.118418 -0.092431 -0.484000 0.698039 0.196078 0.129412
0.118950 -0.092431 -0.484000 0.701961 0.200000 0.133333
0.119483 -0.092431 -0.484000 0.698039 0.196078 0.121569
0.114628 -0.093348 -0.486000 0.639216 0.196078 0.152941
0.115459 -0.093156 -0.485000 0.674510 0.184314 0.141176
0.115754 -0.092964 -0.484000 0.686275 0.196078 0.152941
0.116287 -0.092964 -0.484000 0.694118 0.196078 0.137255
0.116819 -0.092964 -0.484000 0.686275 0.188235 0.129412
0.117352 -0.092964 -0.484000 0.682353 0.188235 0.117647
0.114392 -0.093690 -0.485000 0.580392 0.168627 0.141176
0.115221 -0.093496 -0.484000 0.678431 0.200000 0.160784
0.116287 -0.093496 -0.484000 0.674510 0.188235 0.133333
0.116578 -0.093303 -0.483000 0.674510 0.188235 0.133333
0.117110 -0.093303 -0.483000 0.682353 0.184314 0.125490
0.117641 -0.093303 -0.483000 0.698039 0.200000 0.141176
0.116287 -0.094029 -0.484000 0.686275 0.200000 0.145098
0.116578 -0.093835 -0.483000 0.678431 0.192157 0.137255
0.117110 -0.093835 -0.483000 0.686275 0.200000 0.137255
0.117641 -0.093835 -0.483000 0.686275 0.200000 0.137255
0.118173 -0.093835 -0.483000 0.698039 0.200000 0.141176
0.115221 -0.094562 -0.484000 0.603922 0.176471 0.137255
0.116047 -0.094898 -0.483000 0.650980 0.196078 0.156863
0.116047 -0.095430 -0.483000 0.588235 0.200000 0.192157
