0.103303 -0.071844 -0.428000 0.537255 0.200000 0.164706
0.103774 -0.071844 -0.428000 0.560784 0.192157 0.133333
0.104245 -0.071844 -0.428000 0.560784 0.192157 0.133333
0.104716 -0.071844 -0.428000 0.576471 0.192157 0.129412
0.105187 -0.071844 -0.428000 0.564706 0.180392 0.117647
0.105658 -0.071844 -0.428000 0.560784 0.176471 0.105882
0.106129 -0.071844 -0.428000 0.568627 0.184314 0.113725
0.106601 -0.071844 -0.428000 0.549020 0.196078 0.141176
0.101890 -0.072315 -0.428000 0.564706 0.184314 0.129412
0.102361 -0.072315 -0.428000 0.568627 0.188235 0.133333
0.102832 -0.072315 -0.428000 0.607843 0.192157 0.125490
0.103303 -0.072315 -0.428000 0.596078 0.180392 0.113725
0.103774 -0.072315 -0.428000 0.611765 0.172549 0.101961
0.104245 -0.072315 -0.428000 0.619608 0.180392 0.109804
0.104716 -0.072315 -0.428000 0.650980 0.200000 0.125490
0.105187 -0.072315 -0.428000 0.650980 0.200000 0.125490
0.105658 -0.072315 -0.428000 0.639216 0.188235 0.113725
0.106129 -0.072315 -0.428000 0.639216 0.188235 0.113725
0.106601 -0.072315 -0.428000 0.615686 0.176471 0.105882
0.107322 -0.072484 -0.429000 0.631373 0.192157 0.121569
0.108266 -0.072484 -0.429000 0.584314 0.188235 0.129412
0.100712 -0.072616 -0.427000 0.576471 0.188235 0.145098
0.101182 -0.072616 -0.427000 0.545098 0.156863 0.113725
0.101652 -0.072616 -0.427000 0.603922 0.152941 0.078431
0.102122 -0.072616 -0.427000 0.627451 0.176471 0.101961
0.102592 -0.072616 -0.427000 0.639216 0.180392 0.109804
0.103062 -0.072616 -0.427000 0.639216 0.180392 0.109804
0.103532 -0.072616 -0.427000 0.647059 0.184314 0.101961
0.104002 -0.072616 -0.427000 0.639216 0.176471 0.094118
0.104472 -0.072616 -0.427000 0.643137 0.172549 0.094118
0.104942 -0.072616 -0.427000 0.650980 0.180392 0.101961
0.105412 -0.072616 -0.427000 0.650980 0.180392 0.101961
0.105882 -0.072616 -0.427000 0.643137 0.172549 0.094118
0.106351 -0.072616 -0.427000 0.647059 0.184314 0.101961
0.106821 -0.072616 -0.427000 0.654902 0.192157 0.109804
0.107543 -0.072786 -0.428000 0.643137 0.192157 0.125490
0.108014 -0.072786 -0.428000 0.635294 0.184314 0.117647
0.100242 -0.073086 -0.427000 0.505882 0.156863 0.145098
0.100712 -0.073086 -0.427000 0.643137 0.180392 0.129412
0.101182 -0.073086 -0.427000 0.631373 0.168627 0.117647
0.101652 -0.073086 -0.427000 0.639216 0.168627 0.090196
0.102122 -0.073086 -0.427000 0.650980 0.180392 0.101961
0.102592 -0.073086 -0.427000 0.658824 0.176471 0.101961
0.103062 -0.073086 -0.427000 0.650980 0.168627 0.094118
0.103532 -0.073086 -0.427000 0.658824 0.164706 0.094118
0.104002 -0.073086 -0.427000 0.654902 0.160784 0.090196
0.104472 -0.073086 -0.427000 0.643137 0.149020 0.070588
0.104942 -0.073086 -0.427000 0.647059 0.152941 0.074510
0.105412 -0.073086 -0.427000 0.650980 0.156863 0.078431
0.105882 -0.073086 -0.427000 0.654902 0.160784 0.082353
0.106351 -0.073086 -0.427000 0.658824 0.176471 0.094118
0.106821 -0.073086 -0.427000 0.666667 0.184314 0.101961
0.107543 -0.073257 -0.428000 0.650980 0.168627 0.094118
0.108014 -0.073257 -0.428000 0.619608 0.137255 0.062745
0.108485 -0.073257 -0.428000 0.643137 0.200000 0.141176
0.108956 -0.073257 -0.428000 0.627451 0.184314 0.125490
0.099538 -0.073383 -0.426000 0.607843 0.172549 0.145098
0.100007 -0.073383 -0.426000 0.600000 0.164706 0.137255
0.100476 -0.073383 -0.426000 0.650980 0.164706 0.101961
0.100945 -0.073383 -0.426000 0.650980 0.164706 0.101961
0.101414 -0.073383 -0.426000 0.650980 0.156863 0.086275
0.101883 -0.073383 -0.426000 0.654902 0.160784 0.090196
0.102111 -0.073211 -0.425000 0.654902 0.160784 0.090196
0.102579 -0.073211 -0.425000 0.647059 0.152941 0.082353
0.103047 -0.073211 -0.425000 0.654902 0.152941 0.078431
0.103758 -0.073383 -0.426000 0.650980 0.149020 0.074510
0.104227 -0.073383 -0.426000 0.647059 0.145098 0.062745
0.104696 -0.073383 -0.426000 0.658824 0.156863 0.074510
0.105165 -0.073383 -0.426000 0.654902 0.152941 0.070588
0.105634 -0.073383 -0.426000 0.658824 0.156863 0.074510
0.106102 -0.073383 -0.426000 0.666667 0.172549 0.094118
0.106571 -0.073383 -0.426000 0.666667 0.172549 0.094118
0.107040 -0.073383 -0.426000 0.670588 0.176471 0.098039
0.107509 -0.073383 -0.426000 0.647059 0.152941 0.074510
0.108231 -0.073556 -0.427000 0.662745 0.200000 0.117647
0.109641 -0.073556 -0.427000 0.627451 0.196078 0.133333
0.099302 -0.074026 -0.427000 0.521569 0.188235 0.188235
0.099538 -0.073852 -0.426000 0.643137 0.164706 0.125490
0.100007 -0.073852 -0.426000 0.639216 0.160784 0.121569
0.100476 -0.073852 -0.426000 0.654902 0.160784 0.090196
0.100945 -0.073852 -0.426000 0.658824 0.164706 0.094118
0.101414 -0.073852 -0.426000 0.654902 0.160784 0.090196
0.101883 -0.073852 -0.426000 0.666667 0.172549 0.101961
0.102111 -0.073679 -0.425000 0.658824 0.164706 0.094118
0.102579 -0.073679 -0.425000 0.647059 0.152941 0.082353
0.103047 -0.073679 -0.425000 0.654902 0.152941 0.078431
0.103758 -0.073852 -0.426000 0.654902 0.152941 0.078431
0.104227 -0.073852 -0.426000 0.647059 0.145098 0.062745
0.104696 -0.073852 -0.426000 0.658824 0.156863 0.074510
0.105165 -0.073852 -0.426000 0.658824 0.156863 0.074510
0.105634 -0.073852 -0.426000 0.658824 0.156863 0.074510
0.106102 -0.073852 -0.426000 0.658824 0.156863 0.074510
0.106571 -0.073852 -0.426000 0.662745 0.160784 0.078431
0.107040 -0.073852 -0.426000 0.658824 0.164706 0.078431
0.107509 -0.073852 -0.426000 0.670588 0.176471 0.090196
0.108231 -0.074026 -0.427000 0.666667 0.184314 0.101961
0.108701 -0.074026 -0.427000 0.670588 0.188235 0.105882
0.110581 -0.074026 -0.427000 0.596078 0.184314 0.149020
0.098601 -0.074321 -0.426000 0.572549 0.168627 0.156863
0.099070 -0.074321 -0.426000 0.603922 0.200000 0.188235
0.099305 -0.074147 -0.425000 0.658824 0.180392 0.133333
0.099773 -0.074147 -0.425000 0.650980 0.172549 0.125490
0.100240 -0.074147 -0.425000 0.658824 0.164706 0.094118
0.100708 -0.074147 -0.425000 0.658824 0.164706 0.094118
0.101176 -0.074147 -0.425000 0.658824 0.164706 0.094118
0.101644 -0.074147 -0.425000 0.650980 0.156863 0.086275
0.102111 -0.074147 -0.425000 0.670588 0.168627 0.101961
0.102579 -0.074147 -0.425000 0.654902 0.152941 0.086275
0.103047 -0.074147 -0.425000 0.658824 0.156863 0.082353
0.103515 -0.074147 -0.425000 0.647059 0.145098 0.070588
0.103982 -0.074147 -0.425000 0.647059 0.145098 0.062745
0.104450 -0.074147 -0.425000 0.654902 0.152941 0.070588
0.104918 -0.074147 -0.425000 0.662745 0.160784 0.078431
0.105386 -0.074147 -0.425000 0.670588 0.168627 0.086275
0.105853 -0.074147 -0.425000 0.670588 0.168627 0.086275
0.106321 -0.074147 -0.425000 0.670588 0.168627 0.086275
0.106789 -0.074147 -0.425000 0.670588 0.176471 0.090196
0.107257 -0.074147 -0.425000 0.670588 0.176471 0.090196
0.107724 -0.074147 -0.425000 0.670588 0.176471 0.090196
0.108192 -0.074147 -0.425000 0.670588 0.176471 0.090196
0.108916 -0.074321 -0.426000 0.670588 0.188235 0.105882
0.109384 -0.074321 -0.426000 0.666667 0.184314 0.101961
0.109853 -0.074321 -0.426000 0.635294 0.180392 0.141176
0.110063 -0.074147 -0.425000 0.654902 0.200000 0.160784
0.098601 -0.074790 -0.426000 0.627451 0.192157 0.164706
0.099070 -0.074790 -0.426000 0.631373 0.196078 0.168627
0.099305 -0.074615 -0.425000 0.666667 0.180392 0.125490
0.099773 -0.074615 -0.425000 0.666667 0.180392 0.125490
0.100240 -0.074615 -0.425000 0.670588 0.172549 0.113725
0.100708 -0.074615 -0.425000 0.666667 0.168627 0.109804
0.101176 -0.074615 -0.425000 0.658824 0.164706 0.094118
0.101644 -0.074615 -0.425000 0.654902 0.160784 0.090196
0.102111 -0.074615 -0.425000 0.658824 0.156863 0.090196
0.102579 -0.074615 -0.425000 0.650980 0.149020 0.082353
0.103047 -0.074615 -0.425000 0.654902 0.152941 0.078431
0.103515 -0.074615 -0.425000 0.662745 0.160784 0.086275
0.103982 -0.074615 -0.425000 0.662745 0.160784 0.078431
0.104450 -0.074615 -0.425000 0.674510 0.172549 0.090196
0.104918 -0.074615 -0.425000 0.670588 0.168627 0.086275
0.105386 -0.074615 -0.425000 0.662745 0.160784 0.078431
0.105853 -0.074615 -0.425000 0.658824 0.160784 0.066667
0.106321 -0.074615 -0.425000 0.662745 0.164706 0.070588
0.106789 -0.074615 -0.425000 0.674510 0.176471 0.082353
0.107257 -0.074615 -0.425000 0.678431 0.180392 0.086275
0.107724 -0.074615 -0.425000 0.662745 0.164706 0.070588
0.108192 -0.074615 -0.425000 0.662745 0.164706 0.070588
0.108916 -0.074790 -0.426000 0.666667 0.172549 0.086275
0.109384 -0.074790 -0.426000 0.666667 0.172549 0.086275
0.109853 -0.074790 -0.426000 0.654902 0.180392 0.121569
0.098369 -0.075082 -0.425000 0.639216 0.184314 0.145098
0.098837 -0.075082 -0.425000 0.623529 0.168627 0.129412
0.099305 -0.075082 -0.425000 0.658824 0.160784 0.101961
0.099773 -0.075082 -0.425000 0.658824 0.160784 0.101961
0.100004 -0.074906 -0.424000 0.658824 0.156863 0.090196
0.100471 -0.074906 -0.424000 0.662745 0.160784 0.094118
0.100938 -0.074906 -0.424000 0.658824 0.156863 0.090196
0.101404 -0.074906 -0.424000 0.658824 0.156863 0.090196
0.101871 -0.074906 -0.424000 0.654902 0.152941 0.086275
0.102338 -0.074906 -0.424000 0.650980 0.149020 0.082353
0.102804 -0.074906 -0.424000 0.647059 0.145098 0.070588
0.103271 -0.074906 -0.424000 0.631373 0.129412 0.054902
0.103738 -0.074906 -0.424000 0.627451 0.125490 0.043137
0.104204 -0.074906 -0.424000 0.670588 0.168627 0.086275
0.104671 -0.074906 -0.424000 0.678431 0.180392 0.086275
0.105138 -0.074906 -0.424000 0.662745 0.164706 0.070588
0.105604 -0.074906 -0.424000 0.654902 0.156863 0.062745
0.106071 -0.074906 -0.424000 0.662745 0.164706 0.070588
0.106538 -0.074906 -0.424000 0.674510 0.176471 0.082353
0.107004 -0.074906 -0.424000 0.674510 0.176471 0.082353
0.107471 -0.074906 -0.424000 0.662745 0.164706 0.070588
0.107938 -0.074906 -0.424000 0.662745 0.164706 0.070588
0.108404 -0.074906 -0.424000 0.658824 0.164706 0.078431
0.108871 -0.074906 -0.424000 0.666667 0.172549 0.086275
0.109337 -0.074906 -0.424000 0.666667 0.180392 0.117647
0.109804 -0.074906 -0.424000 0.670588 0.184314 0.121569
0.110271 -0.074906 -0.424000 0.600000 0.180392 0.156863
0.098369 -0.075550 -0.425000 0.654902 0.184314 0.141176
0.098837 -0.075550 -0.425000 0.647059 0.176471 0.133333
0.099305 -0.075550 -0.425000 0.670588 0.176471 0.105882
0.099773 -0.075550 -0.425000 0.666667 0.172549 0.101961
0.100004 -0.075372 -0.424000 0.674510 0.172549 0.098039
0.100471 -0.075372 -0.424000 0.674510 0.172549 0.098039
0.100938 -0.075372 -0.424000 0.662745 0.160784 0.086275
0.101404 -0.075372 -0.424000 0.654902 0.152941 0.078431
0.101871 -0.075372 -0.424000 0.654902 0.152941 0.078431
0.102338 -0.075372 -0.424000 0.658824 0.156863 0.082353
0.102804 -0.075372 -0.424000 0.686275 0.184314 0.109804
0.103271 -0.075372 -0.424000 0.631373 0.129412 0.054902
0.103738 -0.075372 -0.424000 0.619608 0.117647 0.035294
0.104204 -0.075372 -0.424000 0.654902 0.152941 0.070588
0.104671 -0.075372 -0.424000 0.658824 0.156863 0.074510
0.105138 -0.075372 -0.424000 0.654902 0.152941 0.070588
0.105604 -0.075372 -0.424000 0.650980 0.152941 0.058824
0.106071 -0.075372 -0.424000 0.658824 0.160784 0.066667
0.106538 -0.075372 -0.424000 0.658824 0.160784 0.066667
0.107004 -0.075372 -0.424000 0.662745 0.164706 0.070588
0.107471 -0.075372 -0.424000 0.662745 0.164706 0.070588
0.107938 -0.075372 -0.424000 0.662745 0.164706 0.070588
0.108404 -0.075372 -0.424000 0.674510 0.172549 0.090196
0.108871 -0.075372 -0.424000 0.678431 0.176471 0.094118
0.109337 -0.075372 -0.424000 0.670588 0.176471 0.105882
0.109804 -0.075372 -0.424000 0.670588 0.176471 0.105882
0.110271 -0.075372 -0.424000 0.631373 0.188235 0.145098
0.110737 -0.075372 -0.424000 0.627451 0.184314 0.141176
0.097663 -0.076197 -0.426000 0.521569 0.192157 0.180392
0.098369 -0.076018 -0.425000 0.650980 0.172549 0.125490
0.098837 -0.076018 -0.425000 0.650980 0.172549 0.125490
0.099305 -0.076018 -0.425000 0.674510 0.180392 0.109804
0.099773 -0.076018 -0.425000 0.674510 0.180392 0.109804
0.100004 -0.075839 -0.424000 0.674510 0.180392 0.101961
0.100471 -0.075839 -0.424000 0.670588 0.176471 0.098039
0.100700 -0.075660 -0.423000 0.670588 0.168627 0.094118
0.101165 -0.075660 -0.423000 0.654902 0.152941 0.078431
0.101631 -0.075660 -0.423000 0.650980 0.149020 0.074510
0.102096 -0.075660 -0.423000 0.654902 0.152941 0.078431
0.102562 -0.075660 -0.423000 0.686275 0.184314 0.101961
0.103027 -0.075660 -0.423000 0.682353 0.180392 0.098039
0.103493 -0.075660 -0.423000 0.662745 0.160784 0.078431
0.103959 -0.075660 -0.423000 0.670588 0.168627 0.086275
0.104424 -0.075660 -0.423000 0.658824 0.156863 0.074510
0.104890 -0.075660 -0.423000 0.658824 0.156863 0.074510
0.105355 -0.075660 -0.423000 0.650980 0.149020 0.066667
0.105821 -0.075660 -0.423000 0.654902 0.152941 0.070588
0.106286 -0.075660 -0.423000 0.658824 0.156863 0.074510
0.106752 -0.075660 -0.423000 0.658824 0.156863 0.074510
0.107217 -0.075660 -0.423000 0.670588 0.168627 0.086275
0.107683 -0.075660 -0.423000 0.662745 0.160784 0.078431
0.108149 -0.075660 -0.423000 0.662745 0.160784 0.078431
0.108614 -0.075660 -0.423000 0.670588 0.168627 0.086275
0.109080 -0.075660 -0.423000 0.670588 0.176471 0.098039
0.109545 -0.075660 -0.423000 0.674510 0.180392 0.101961
0.110011 -0.075660 -0.423000 0.647059 0.192157 0.145098
0.110476 -0.075660 -0.423000 0.619608 0.164706 0.117647
0.097663 -0.076666 -0.426000 0.521569 0.192157 0.164706
0.098132 -0.076666 -0.426000 0.525490 0.196078 0.168627
0.098369 -0.076486 -0.425000 0.654902 0.180392 0.121569
0.098837 -0.076486 -0.425000 0.662745 0.188235 0.129412
0.099305 -0.076486 -0.425000 0.674510 0.180392 0.109804
0.099773 -0.076486 -0.425000 0.658824 0.164706 0.094118
0.100004 -0.076306 -0.424000 0.658824 0.164706 0.086275
0.100471 -0.076306 -0.424000 0.658824 0.164706 0.086275
0.100700 -0.076126 -0.423000 0.670588 0.168627 0.086275
0.101165 -0.076126 -0.423000 0.670588 0.168627 0.086275
0.101631 -0.076126 -0.423000 0.674510 0.172549 0.090196
0.102096 -0.076126 -0.423000 0.662745 0.160784 0.078431
0.102562 -0.076126 -0.423000 0.662745 0.160784 0.078431
0.103027 -0.076126 -0.423000 0.658824 0.156863 0.074510
0.103493 -0.076126 -0.423000 0.662745 0.160784 0.078431
0.103959 -0.076126 -0.423000 0.662745 0.160784 0.078431
0.104424 -0.076126 -0.423000 0.658824 0.156863 0.074510
0.104890 -0.076126 -0.423000 0.662745 0.160784 0.078431
0.105355 -0.076126 -0.423000 0.654902 0.152941 0.070588
0.105821 -0.076126 -0.423000 0.650980 0.149020 0.066667
0.106286 -0.076126 -0.423000 0.662745 0.160784 0.078431
0.106752 -0.076126 -0.423000 0.674510 0.172549 0.090196
0.107217 -0.076126 -0.423000 0.674510 0.172549 0.090196
0.107683 -0.076126 -0.423000 0.670588 0.168627 0.086275
0.108149 -0.076126 -0.423000 0.662745 0.160784 0.078431
0.108614 -0.076126 -0.423000 0.662745 0.160784 0.078431
0.109080 -0.076126 -0.423000 0.666667 0.172549 0.094118
0.109545 -0.076126 -0.423000 0.666667 0.172549 0.094118
0.110476 -0.076126 -0.423000 0.658824 0.196078 0.152941
0.097663 -0.077135 -0.426000 0.537255 0.200000 0.164706
0.098138 -0.076772 -0.424000 0.647059 0.180392 0.117647
0.098604 -0.076772 -0.424000 0.647059 0.180392 0.117647
0.099071 -0.076772 -0.424000 0.658824 0.176471 0.101961
0.099538 -0.076772 -0.424000 0.658824 0.176471 0.101961
0.099769 -0.076591 -0.423000 0.658824 0.164706 0.078431
0.100234 -0.076591 -0.423000 0.666667 0.172549 0.086275
0.100700 -0.076591 -0.423000 0.670588 0.168627 0.086275
0.101165 -0.076591 -0.423000 0.674510 0.172549 0.090196
0.101631 -0.076591 -0.423000 0.670588 0.172549 0.078431
0.101855 -0.076410 -0.422000 0.674510 0.176471 0.082353
0.102319 -0.076410 -0.422000 0.670588 0.172549 0.078431
0.102784 -0.076410 -0.422000 0.662745 0.164706 0.070588
0.103248 -0.076410 -0.422000 0.662745 0.164706 0.070588
0.103713 -0.076410 -0.422000 0.662745 0.164706 0.070588
0.104177 -0.076410 -0.422000 0.662745 0.164706 0.070588
0.104642 -0.076410 -0.422000 0.662745 0.164706 0.070588
0.105106 -0.076410 -0.422000 0.662745 0.160784 0.078431
0.105571 -0.076410 -0.422000 0.662745 0.160784 0.078431
0.106035 -0.076410 -0.422000 0.670588 0.168627 0.086275
0.106499 -0.076410 -0.422000 0.674510 0.172549 0.090196
0.106964 -0.076410 -0.422000 0.662745 0.160784 0.078431
0.107428 -0.076410 -0.422000 0.662745 0.160784 0.078431
0.107893 -0.076410 -0.422000 0.670588 0.168627 0.086275
0.108357 -0.076410 -0.422000 0.662745 0.160784 0.078431
0.108822 -0.076410 -0.422000 0.658824 0.164706 0.086275
0.109286 -0.076410 -0.422000 0.635294 0.141176 0.062745
0.097434 -0.077421 -0.425000 0.525490 0.188235 0.152941
0.098138 -0.077239 -0.424000 0.647059 0.188235 0.125490
0.098604 -0.077239 -0.424000 0.650980 0.192157 0.129412
0.099071 -0.077239 -0.424000 0.654902 0.184314 0.105882
0.099538 -0.077239 -0.424000 0.643137 0.172549 0.094118
0.099769 -0.077057 -0.423000 0.658824 0.164706 0.086275
0.100234 -0.077057 -0.423000 0.666667 0.172549 0.094118
0.100700 -0.077057 -0.423000 0.670588 0.176471 0.090196
0.101165 -0.077057 -0.423000 0.658824 0.164706 0.078431
0.101631 -0.077057 -0.423000 0.670588 0.172549 0.078431
0.101855 -0.076875 -0.422000 0.670588 0.172549 0.078431
0.102319 -0.076875 -0.422000 0.662745 0.164706 0.070588
0.102784 -0.076875 -0.422000 0.658824 0.160784 0.066667
0.103248 -0.076875 -0.422000 0.654902 0.156863 0.062745
0.103713 -0.076875 -0.422000 0.650980 0.152941 0.058824
0.104177 -0.076875 -0.422000 0.658824 0.160784 0.066667
0.104642 -0.076875 -0.422000 0.658824 0.160784 0.066667
0.105106 -0.076875 -0.422000 0.658824 0.160784 0.066667
0.105571 -0.076875 -0.422000 0.662745 0.164706 0.070588
0.106035 -0.076875 -0.422000 0.654902 0.156863 0.062745
0.106499 -0.076875 -0.422000 0.658824 0.160784 0.066667
0.106964 -0.076875 -0.422000 0.658824 0.160784 0.066667
0.107428 -0.076875 -0.422000 0.658824 0.160784 0.066667
0.107893 -0.076875 -0.422000 0.670588 0.168627 0.086275
0.108357 -0.076875 -0.422000 0.674510 0.172549 0.090196
0.108822 -0.076875 -0.422000 0.674510 0.172549 0.098039
0.109286 -0.076875 -0.422000 0.670588 0.168627 0.094118
0.110215 -0.076875 -0.422000 0.650980 0.188235 0.152941
0.097434 -0.077889 -0.425000 0.521569 0.196078 0.156863
0.098138 -0.077706 -0.424000 0.650980 0.192157 0.129412
0.098604 -0.077706 -0.424000 0.654902 0.196078 0.133333
0.099071 -0.077706 -0.424000 0.662745 0.180392 0.105882
0.099538 -0.077706 -0.424000 0.658824 0.176471 0.101961
0.099769 -0.077522 -0.423000 0.666667 0.172549 0.094118
0.100234 -0.077522 -0.423000 0.670588 0.176471 0.098039
0.100700 -0.077522 -0.423000 0.670588 0.168627 0.086275
0.101165 -0.077522 -0.423000 0.670588 0.168627 0.086275
0.101631 -0.077522 -0.423000 0.674510 0.176471 0.082353
0.101614 -0.077156 -0.421000 0.662745 0.164706 0.070588
0.102077 -0.077156 -0.421000 0.662745 0.164706 0.070588
0.102540 -0.077156 -0.421000 0.654902 0.156863 0.062745
0.103004 -0.077156 -0.421000 0.654902 0.149020 0.054902
0.103467 -0.077156 -0.421000 0.658824 0.152941 0.058824
0.103930 -0.077156 -0.421000 0.662745 0.156863 0.062745
0.104394 -0.077156 -0.421000 0.666667 0.160784 0.066667
0.104857 -0.077156 -0.421000 0.666667 0.160784 0.066667
0.105320 -0.077156 -0.421000 0.666667 0.160784 0.066667
0.105784 -0.077156 -0.421000 0.662745 0.156863 0.062745
0.106247 -0.077156 -0.421000 0.662745 0.156863 0.062745
0.106710 -0.077156 -0.421000 0.662745 0.156863 0.062745
0.107174 -0.077156 -0.421000 0.662745 0.156863 0.062745
0.107637 -0.077156 -0.421000 0.654902 0.152941 0.070588
0.108101 -0.077156 -0.421000 0.670588 0.168627 0.086275
0.108564 -0.077156 -0.421000 0.674510 0.172549 0.105882
0.109027 -0.077156 -0.421000 0.670588 0.168627 0.101961
0.109491 -0.077156 -0.421000 0.627451 0.160784 0.137255
0.098138 -0.078172 -0.424000 0.650980 0.200000 0.133333
0.098604 -0.078172 -0.424000 0.643137 0.192157 0.125490
0.098837 -0.077988 -0.423000 0.662745 0.180392 0.105882
0.099303 -0.077988 -0.423000 0.662745 0.180392 0.105882
0.099769 -0.077988 -0.423000 0.670588 0.176471 0.098039
0.100234 -0.077988 -0.423000 0.666667 0.172549 0.094118
0.100462 -0.077804 -0.422000 0.662745 0.160784 0.078431
0.100926 -0.077804 -0.422000 0.662745 0.160784 0.078431
0.101391 -0.077804 -0.422000 0.674510 0.172549 0.090196
0.101614 -0.077619 -0.421000 0.670588 0.168627 0.086275
0.102077 -0.077619 -0.421000 0.662745 0.160784 0.078431
0.102540 -0.077619 -0.421000 0.654902 0.152941 0.070588
0.103004 -0.077619 -0.421000 0.654902 0.156863 0.062745
0.103467 -0.077619 -0.421000 0.654902 0.156863 0.062745
0.103930 -0.077619 -0.421000 0.662745 0.164706 0.070588
0.104394 -0.077619 -0.421000 0.670588 0.172549 0.078431
0.104857 -0.077619 -0.421000 0.658824 0.160784 0.066667
0.105320 -0.077619 -0.421000 0.662745 0.164706 0.070588
0.105784 -0.077619 -0.421000 0.658824 0.160784 0.066667
0.106247 -0.077619 -0.421000 0.662745 0.164706 0.070588
0.106710 -0.077619 -0.421000 0.658824 0.156863 0.074510
0.107174 -0.077619 -0.421000 0.658824 0.156863 0.074510
0.107637 -0.077619 -0.421000 0.658824 0.156863 0.074510
0.108101 -0.077619 -0.421000 0.670588 0.168627 0.086275
0.108564 -0.077619 -0.421000 0.670588 0.176471 0.105882
0.109027 -0.077619 -0.421000 0.670588 0.176471 0.105882
0.109491 -0.077619 -0.421000 0.611765 0.164706 0.133333
0.109954 -0.077619 -0.421000 0.639216 0.192157 0.160784
0.098138 -0.078639 -0.424000 0.639216 0.196078 0.137255
0.098604 -0.078639 -0.424000 0.635294 0.192157 0.133333
0.098837 -0.078454 -0.423000 0.658824 0.188235 0.109804
0.099303 -0.078454 -0.423000 0.658824 0.188235 0.109804
0.099769 -0.078454 -0.423000 0.670588 0.176471 0.098039
0.100234 -0.078454 -0.423000 0.670588 0.176471 0.098039
0.100462 -0.078268 -0.422000 0.666667 0.172549 0.086275
0.100926 -0.078268 -0.422000 0.666667 0.172549 0.086275
0.101391 -0.078268 -0.422000 0.670588 0.168627 0.086275
0.101614 -0.078083 -0.421000 0.670588 0.168627 0.086275
0.102077 -0.078083 -0.421000 0.654902 0.152941 0.070588
0.102540 -0.078083 -0.421000 0.658824 0.156863 0.074510
0.103004 -0.078083 -0.421000 0.658824 0.156863 0.074510
0.103467 -0.078083 -0.421000 0.658824 0.156863 0.074510
0.103930 -0.078083 -0.421000 0.670588 0.172549 0.078431
0.104394 -0.078083 -0.421000 0.670588 0.172549 0.078431
0.104857 -0.078083 -0.421000 0.658824 0.160784 0.066667
0.105070 -0.077897 -0.420000 0.662745 0.164706 0.070588
0.105533 -0.077897 -0.420000 0.650980 0.152941 0.058824
0.105995 -0.077897 -0.420000 0.670588 0.172549 0.078431
0.106457 -0.077897 -0.420000 0.670588 0.168627 0.086275
0.106919 -0.077897 -0.420000 0.670588 0.168627 0.086275
0.107382 -0.077897 -0.420000 0.670588 0.176471 0.098039
0.107844 -0.077897 -0.420000 0.674510 0.180392 0.101961
0.108306 -0.077897 -0.420000 0.666667 0.180392 0.117647
0.108768 -0.077897 -0.420000 0.678431 0.192157 0.129412
0.109693 -0.077897 -0.420000 0.619608 0.192157 0.160784
0.097906 -0.078919 -0.423000 0.600000 0.176471 0.109804
0.098604 -0.078733 -0.422000 0.662745 0.192157 0.113725
0.099068 -0.078733 -0.422000 0.654902 0.184314 0.105882
0.099533 -0.078733 -0.422000 0.662745 0.180392 0.098039
0.099997 -0.078733 -0.422000 0.662745 0.180392 0.098039
0.100462 -0.078733 -0.422000 0.670588 0.176471 0.098039
0.100687 -0.078546 -0.421000 0.674510 0.180392 0.101961
0.101150 -0.078546 -0.421000 0.666667 0.172549 0.094118
0.101614 -0.078546 -0.421000 0.658824 0.164706 0.086275
0.102077 -0.078546 -0.421000 0.674510 0.180392 0.101961
0.102297 -0.078360 -0.420000 0.678431 0.184314 0.105882
0.102759 -0.078360 -0.420000 0.678431 0.176471 0.101961
0.103221 -0.078360 -0.420000 0.670588 0.168627 0.094118
0.103684 -0.078360 -0.420000 0.662745 0.160784 0.078431
0.104146 -0.078360 -0.420000 0.658824 0.156863 0.074510
0.104608 -0.078360 -0.420000 0.658824 0.156863 0.074510
0.105070 -0.078360 -0.420000 0.662745 0.160784 0.078431
0.105533 -0.078360 -0.420000 0.650980 0.149020 0.066667
0.105995 -0.078360 -0.420000 0.670588 0.168627 0.086275
0.106457 -0.078360 -0.420000 0.670588 0.168627 0.086275
0.106919 -0.078360 -0.420000 0.674510 0.172549 0.090196
0.107382 -0.078360 -0.420000 0.670588 0.176471 0.098039
0.107844 -0.078360 -0.420000 0.678431 0.184314 0.105882
0.108306 -0.078360 -0.420000 0.662745 0.188235 0.129412
0.109693 -0.078360 -0.420000 0.592157 0.172549 0.149020
0.097906 -0.079385 -0.423000 0.560784 0.196078 0.125490
0.098604 -0.079197 -0.422000 0.662745 0.196078 0.125490
0.099068 -0.079197 -0.422000 0.650980 0.184314 0.113725
0.099533 -0.079197 -0.422000 0.662745 0.180392 0.105882
0.099997 -0.079197 -0.422000 0.662745 0.180392 0.105882
0.100462 -0.079197 -0.422000 0.670588 0.176471 0.098039
0.100687 -0.079009 -0.421000 0.670588 0.176471 0.098039
0.101150 -0.079009 -0.421000 0.658824 0.164706 0.086275
0.101614 -0.079009 -0.421000 0.658824 0.164706 0.086275
0.102077 -0.079009 -0.421000 0.670588 0.176471 0.098039
0.102297 -0.078822 -0.420000 0.670588 0.176471 0.098039
0.102759 -0.078822 -0.420000 0.662745 0.160784 0.086275
0.103221 -0.078822 -0.420000 0.662745 0.160784 0.086275
0.103684 -0.078822 -0.420000 0.670588 0.168627 0.094118
0.104146 -0.078822 -0.420000 0.654902 0.152941 0.078431
0.104608 -0.078822 -0.420000 0.662745 0.160784 0.086275
0.105070 -0.078822 -0.420000 0.662745 0.160784 0.086275
0.105533 -0.078822 -0.420000 0.670588 0.168627 0.094118
0.105995 -0.078822 -0.420000 0.670588 0.168627 0.094118
0.106457 -0.078822 -0.420000 0.670588 0.176471 0.098039
0.106919 -0.078822 -0.420000 0.678431 0.184314 0.105882
0.107382 -0.078822 -0.420000 0.674510 0.180392 0.101961
0.107844 -0.078822 -0.420000 0.686275 0.192157 0.113725
0.108306 -0.078822 -0.420000 0.666667 0.192157 0.133333
0.108768 -0.078822 -0.420000 0.666667 0.192157 0.133333
0.108970 -0.078634 -0.419000 0.564706 0.192157 0.168627
0.099068 -0.079662 -0.422000 0.619608 0.180392 0.109804
0.099297 -0.079473 -0.421000 0.658824 0.192157 0.121569
0.099760 -0.079473 -0.421000 0.654902 0.188235 0.117647
0.100224 -0.079473 -0.421000 0.666667 0.184314 0.109804
0.100448 -0.079284 -0.420000 0.662745 0.180392 0.105882
0.100910 -0.079284 -0.420000 0.666667 0.184314 0.109804
0.101372 -0.079284 -0.420000 0.662745 0.180392 0.105882
0.101835 -0.079284 -0.420000 0.670588 0.176471 0.105882
0.102297 -0.079284 -0.420000 0.666667 0.172549 0.101961
0.102759 -0.079284 -0.420000 0.658824 0.164706 0.094118
0.102975 -0.079095 -0.419000 0.658824 0.164706 0.094118
0.103437 -0.079095 -0.419000 0.670588 0.176471 0.105882
0.103898 -0.079095 -0.419000 0.658824 0.164706 0.094118
0.104359 -0.079095 -0.419000 0.666667 0.172549 0.101961
0.104820 -0.079095 -0.419000 0.666667 0.172549 0.101961
0.105281 -0.079095 -0.419000 0.666667 0.172549 0.101961
0.105742 -0.079095 -0.419000 0.658824 0.164706 0.094118
0.106204 -0.079095 -0.419000 0.658824 0.164706 0.094118
0.106665 -0.079095 -0.419000 0.670588 0.176471 0.105882
0.107126 -0.079095 -0.419000 0.662745 0.180392 0.105882
0.107587 -0.079095 -0.419000 0.678431 0.196078 0.121569
0.108509 -0.079095 -0.419000 0.631373 0.168627 0.117647
0.099068 -0.080126 -0.422000 0.596078 0.200000 0.133333
0.099297 -0.079936 -0.421000 0.658824 0.200000 0.137255
0.099760 -0.079936 -0.421000 0.647059 0.188235 0.125490
0.100224 -0.079936 -0.421000 0.662745 0.188235 0.121569
0.100448 -0.079746 -0.420000 0.654902 0.180392 0.113725
0.100910 -0.079746 -0.420000 0.662745 0.176471 0.113725
0.101372 -0.079746 -0.420000 0.666667 0.180392 0.117647
0.101835 -0.079746 -0.420000 0.658824 0.176471 0.101961
0.102297 -0.079746 -0.420000 0.662745 0.180392 0.105882
0.102759 -0.079746 -0.420000 0.670588 0.176471 0.105882
0.102975 -0.079556 -0.419000 0.670588 0.176471 0.105882
0.103437 -0.079556 -0.419000 0.674510 0.180392 0.109804
0.103898 -0.079556 -0.419000 0.674510 0.180392 0.109804
0.104359 -0.079556 -0.419000 0.666667 0.172549 0.101961
0.104820 -0.079556 -0.419000 0.666667 0.172549 0.101961
0.105281 -0.079556 -0.419000 0.666667 0.172549 0.101961
0.105742 -0.079556 -0.419000 0.666667 0.172549 0.101961
0.106204 -0.079556 -0.419000 0.650980 0.168627 0.094118
0.106665 -0.079556 -0.419000 0.662745 0.180392 0.105882
0.107126 -0.079556 -0.419000 0.654902 0.180392 0.113725
0.107587 -0.079556 -0.419000 0.666667 0.192157 0.125490
0.108509 -0.079556 -0.419000 0.588235 0.168627 0.137255
0.099986 -0.080209 -0.420000 0.650980 0.192157 0.129412
0.100448 -0.080209 -0.420000 0.650980 0.192157 0.129412
0.100910 -0.080209 -0.420000 0.662745 0.188235 0.129412
0.101131 -0.080018 -0.419000 0.658824 0.184314 0.125490
0.101592 -0.080018 -0.419000 0.654902 0.180392 0.113725
0.102053 -0.080018 -0.419000 0.654902 0.180392 0.113725
0.102514 -0.080018 -0.419000 0.666667 0.184314 0.109804
0.102730 -0.079827 -0.418000 0.658824 0.176471 0.101961
0.103190 -0.079827 -0.418000 0.658824 0.176471 0.101961
0.103650 -0.079827 -0.418000 0.670588 0.188235 0.113725
0.104359 -0.080018 -0.419000 0.662745 0.180392 0.105882
0.104570 -0.079827 -0.418000 0.650980 0.168627 0.094118
0.105030 -0.079827 -0.418000 0.650980 0.164706 0.101961
0.105490 -0.079827 -0.418000 0.666667 0.180392 0.117647
0.105950 -0.079827 -0.418000 0.658824 0.184314 0.117647
0.106410 -0.079827 -0.418000 0.666667 0.192157 0.125490
0.106870 -0.079827 -0.418000 0.650980 0.188235 0.137255
0.107330 -0.079827 -0.418000 0.639216 0.176471 0.125490
0.099523 -0.080671 -0.420000 0.564706 0.196078 0.152941
0.099986 -0.080671 -0.420000 0.650980 0.200000 0.133333
0.100910 -0.080671 -0.420000 0.662745 0.196078 0.133333
0.101131 -0.080479 -0.419000 0.658824 0.192157 0.129412
0.101592 -0.080479 -0.419000 0.662745 0.196078 0.133333
0.102053 -0.080479 -0.419000 0.666667 0.200000 0.137255
0.102514 -0.080479 -0.419000 0.662745 0.188235 0.121569
0.102730 -0.080287 -0.418000 0.650980 0.176471 0.109804
0.103190 -0.080287 -0.418000 0.658824 0.172549 0.109804
0.103650 -0.080287 -0.418000 0.666667 0.180392 0.117647
0.104359 -0.080479 -0.419000 0.666667 0.180392 0.117647
0.104570 -0.080287 -0.418000 0.666667 0.180392 0.117647
0.105030 -0.080287 -0.418000 0.658824 0.184314 0.117647
0.105490 -0.080287 -0.418000 0.654902 0.180392 0.113725
0.105950 -0.080287 -0.418000 0.658824 0.192157 0.129412
0.106410 -0.080287 -0.418000 0.658824 0.192157 0.129412
0.106870 -0.080287 -0.418000 0.600000 0.200000 0.160784
0.100209 -0.080940 -0.419000 0.576471 0.188235 0.152941
0.100670 -0.080940 -0.419000 0.600000 0.168627 0.113725
0.101131 -0.080940 -0.419000 0.631373 0.200000 0.145098
0.101592 -0.080940 -0.419000 0.654902 0.192157 0.141176
0.101810 -0.080747 -0.418000 0.654902 0.192157 0.141176
0.102270 -0.080747 -0.418000 0.654902 0.188235 0.125490
0.102730 -0.080747 -0.418000 0.650980 0.184314 0.121569
0.103190 -0.080747 -0.418000 0.654902 0.180392 0.121569
0.103650 -0.080747 -0.418000 0.662745 0.188235 0.129412
0.104110 -0.080747 -0.418000 0.658824 0.184314 0.125490
0.104570 -0.080747 -0.418000 0.658824 0.184314 0.125490
0.105030 -0.080747 -0.418000 0.623529 0.160784 0.109804
0.105490 -0.080747 -0.418000 0.627451 0.164706 0.113725
0.105950 -0.080747 -0.418000 0.611765 0.200000 0.164706
0.106410 -0.080747 -0.418000 0.603922 0.192157 0.156863
0.101810 -0.081207 -0.418000 0.600000 0.200000 0.160784
0.102270 -0.081207 -0.418000 0.607843 0.192157 0.141176
0.102730 -0.081207 -0.418000 0.580392 0.164706 0.113725
0.103190 -0.081207 -0.418000 0.596078 0.172549 0.121569
